1.7e-05 0.832285 0.83148
2.89e-05 0.832254 0.831449
4.913e-05 0.832201 0.831396
8.3521e-05 0.832111 0.831306
0.000141986 0.831959 0.831154
0.000241376 0.831698 0.830893
0.000410339 0.831254 0.830449
0.000697576 0.830496 0.82969
0.00118588 0.829194 0.828388
0.00201599 0.82695 0.826142
0.00342719 0.823046 0.822238
0.00582622 0.817157 0.81635
0.00990458 0.80649 0.805688
0.0168378 0.788154 0.787373
0.0286242 0.758646 0.757924
0.0486612 0.709132 0.708548
0.082724 0.629622 0.629236
0.140631 0.512743 0.512569
0.239072 0.38097 0.380352
0.406423 0.285897 0.275364
0.690919 0.233121 0.212234
1.17456 0.195226 0.162994
1.99676 0.170015 0.124662
3.39449 0.154112 0.0967189
5.77063 0.142964 0.07782
9.81007 0.135491 0.0653082
16.6771 0.130816 0.0573532
28.3511 0.128059 0.0525064
48.1969 0.12655 0.0496528
81.9347 0.125771 0.0480104
