1.7e-05 0.913261 0.910774
2.89e-05 0.91315 0.910663
4.913e-05 0.912961 0.910474
8.3521e-05 0.912639 0.910153
0.000141986 0.912091 0.909604
0.000241376 0.911155 0.908668
0.000410339 0.909549 0.907061
0.000697576 0.906781 0.904293
0.00118588 0.901974 0.899484
0.00201599 0.893543 0.891049
0.00342719 0.881485 0.878995
0.00582622 0.858847 0.856347
0.00990458 0.822352 0.81983
0.0168378 0.761436 0.758833
0.0286242 0.665213 0.662393
0.0486612 0.530804 0.527748
0.082724 0.390715 0.387191
0.140631 0.299797 0.29375
0.239072 0.245007 0.238388
0.406423 0.210091 0.195358
0.690919 0.185344 0.158139
1.17456 0.167753 0.125136
1.99676 0.155595 0.0978409
3.39449 0.14793 0.0777011
5.77063 0.142784 0.0644971
9.81007 0.139822 0.0561091
16.6771 0.138115 0.0508659
28.3511 0.137078 0.0476731
48.1969 0.136444 0.0458299
81.9347 0.136074 0.044848
