1.7e-05 0.90171 0.899782
2.89e-05 0.901627 0.899699
4.913e-05 0.901486 0.899558
8.3521e-05 0.901245 0.899317
0.000141986 0.900835 0.898907
0.000241376 0.900135 0.898207
0.000410339 0.898937 0.897008
0.000697576 0.896876 0.894946
0.00118588 0.893307 0.891374
0.00201599 0.887069 0.885131
0.00342719 0.877922 0.875984
0.00582622 0.861016 0.859068
0.00990458 0.833356 0.831395
0.0168378 0.786741 0.784737
0.0286242 0.710419 0.708285
0.0486612 0.594508 0.592133
0.082724 0.45199 0.449405
0.140631 0.332828 0.326869
0.239072 0.267268 0.260381
0.406423 0.223251 0.210813
0.690919 0.193878 0.168239
1.17456 0.173519 0.131754
1.99676 0.159246 0.102241
3.39449 0.149657 0.0805135
5.77063 0.143606 0.0664014
9.81007 0.139744 0.0575876
16.6771 0.137475 0.0521487
28.3511 0.136146 0.0487953
48.1969 0.135354 0.0467641
81.9347 0.134884 0.0456149
