1.7e-05 0.756571 0.756572
2.89e-05 0.756555 0.756556
4.913e-05 0.756528 0.756529
8.3521e-05 0.756481 0.756482
0.000141986 0.756402 0.756404
0.000241376 0.756268 0.75627
0.000410339 0.75604 0.756042
0.000697576 0.755652 0.755653
0.00118588 0.754988 0.75499
0.00201599 0.753853 0.753855
0.00342719 0.751903 0.751905
0.00582622 0.748532 0.748536
0.00990458 0.742657 0.742665
0.0168378 0.734056 0.734074
0.0286242 0.718272 0.718322
0.0486612 0.692784 0.692914
0.082724 0.650612 0.650955
0.140631 0.583425 0.584325
0.239072 0.484915 0.487201
0.406423 0.365539 0.369869
0.690919 0.262576 0.2649
1.17456 0.20627 0.192501
1.99676 0.174643 0.147061
3.39449 0.153862 0.114185
5.77063 0.141509 0.09062
9.81007 0.132798 0.0742372
16.6771 0.127043 0.0632515
28.3511 0.123423 0.0562706
48.1969 0.121276 0.0519857
81.9347 0.120047 0.0495363
