1.7e-05 0.908337 0.906098
2.89e-05 0.90824 0.906001
4.913e-05 0.908075 0.905836
8.3521e-05 0.907795 0.905555
0.000141986 0.907316 0.905076
0.000241376 0.906498 0.904258
0.000410339 0.905097 0.902857
0.000697576 0.902685 0.900444
0.00118588 0.898501 0.896259
0.00201599 0.891174 0.888927
0.00342719 0.880571 0.878328
0.00582622 0.86081 0.858559
0.00990458 0.828715 0.826449
0.0168378 0.774856 0.772529
0.0286242 0.687948 0.685446
0.0486612 0.561654 0.558888
0.082724 0.418698 0.415617
0.140631 0.314608 0.308402
0.239072 0.2544 0.248549
0.406423 0.21599 0.202506
0.690919 0.189251 0.162942
1.17456 0.17043 0.128452
1.99676 0.157224 0.100168
3.39449 0.148839 0.0792743
5.77063 0.143279 0.0656278
9.81007 0.139883 0.0570092
16.6771 0.137949 0.0516024
28.3511 0.136784 0.0482435
48.1969 0.136083 0.0462459
81.9347 0.135667 0.045161
