1.7e-05 0.861086 0.860001
2.89e-05 0.861043 0.859958
4.913e-05 0.86097 0.859885
8.3521e-05 0.860846 0.859761
0.000141986 0.860634 0.859548
0.000241376 0.860272 0.859187
0.000410339 0.859655 0.858569
0.000697576 0.858599 0.857512
0.00118588 0.856781 0.855693
0.00201599 0.853632 0.852541
0.00342719 0.84812 0.847026
0.00582622 0.840081 0.838989
0.00990458 0.825171 0.824084
0.0168378 0.800776 0.799713
0.0286242 0.759546 0.758548
0.0486612 0.691489 0.69059
0.082724 0.585707 0.58485
0.140631 0.44968 0.448662
0.239072 0.328554 0.323659
0.406423 0.263742 0.25032
0.690919 0.218462 0.196145
1.17456 0.187732 0.151171
1.99676 0.167757 0.115791
3.39449 0.153824 0.0899718
5.77063 0.144076 0.0730157
9.81007 0.13752 0.0621088
16.6771 0.133525 0.05534
28.3511 0.131232 0.0512315
48.1969 0.129984 0.0487714
81.9347 0.129294 0.0473413
