1.7e-05 0.892625 0.890997
2.89e-05 0.892555 0.890928
4.913e-05 0.892437 0.89081
8.3521e-05 0.892236 0.890609
0.000141986 0.891894 0.890266
0.000241376 0.891311 0.889682
0.000410339 0.890312 0.888683
0.000697576 0.888596 0.886966
0.00118588 0.885631 0.883998
0.00201599 0.88046 0.878822
0.00342719 0.872765 0.871127
0.00582622 0.858676 0.857031
0.00990458 0.834361 0.832705
0.0168378 0.795539 0.793873
0.0286242 0.730594 0.728878
0.0486612 0.628828 0.62694
0.082724 0.491438 0.489401
0.140631 0.358074 0.355383
0.239072 0.282605 0.274893
0.406423 0.231923 0.220953
0.690919 0.199741 0.175122
1.17456 0.177364 0.136295
1.99676 0.161811 0.105204
3.39449 0.15098 0.0823761
5.77063 0.14385 0.0675803
9.81007 0.1394 0.0583377
16.6771 0.136713 0.0526993
28.3511 0.135176 0.0493004
48.1969 0.134263 0.0472661
81.9347 0.133723 0.0460978
