1.7e-05 0.879825 0.878481
2.89e-05 0.879769 0.878425
4.913e-05 0.879674 0.87833
8.3521e-05 0.879512 0.878168
0.000141986 0.879236 0.877892
0.000241376 0.878766 0.877421
0.000410339 0.877962 0.876617
0.000697576 0.876583 0.875237
0.00118588 0.874205 0.872856
0.00201599 0.870069 0.868717
0.00342719 0.862798 0.861439
0.00582622 0.852476 0.85112
0.00990458 0.832961 0.831603
0.0168378 0.801411 0.800066
0.0286242 0.748247 0.746922
0.0486612 0.662077 0.660726
0.082724 0.536922 0.535465
0.140631 0.397555 0.395737
0.239072 0.301766 0.293783
0.406423 0.246141 0.233814
0.690919 0.207154 0.18437
1.17456 0.182052 0.142921
1.99676 0.164673 0.10988
3.39449 0.152654 0.0855982
5.77063 0.144254 0.0698243
9.81007 0.138846 0.059947
16.6771 0.135587 0.0538967
28.3511 0.133709 0.0502281
48.1969 0.132621 0.0480088
81.9347 0.13199 0.046706
