1.7e-05 0.786491 0.786312
2.89e-05 0.78647 0.786291
4.913e-05 0.786435 0.786256
8.3521e-05 0.786376 0.786197
0.000141986 0.786275 0.786095
0.000241376 0.786102 0.785923
0.000410339 0.785808 0.785629
0.000697576 0.785307 0.785128
0.00118588 0.784451 0.784272
0.00201599 0.782982 0.782803
0.00342719 0.780449 0.780271
0.00582622 0.776044 0.775868
0.00990458 0.769439 0.769268
0.0168378 0.757466 0.757309
0.0286242 0.736952 0.736838
0.0486612 0.704383 0.704364
0.082724 0.650593 0.65081
0.140631 0.567005 0.567746
0.239072 0.451203 0.453159
0.406423 0.330348 0.332617
0.690919 0.24751 0.238992
1.17456 0.20278 0.180444
1.99676 0.172546 0.138225
3.39449 0.153587 0.107089
5.77063 0.141647 0.0853444
9.81007 0.133349 0.0704221
16.6771 0.128094 0.0607198
28.3511 0.124908 0.0546591
48.1969 0.122976 0.0509955
81.9347 0.121865 0.0489058
