1.7e-05 0.916802 0.914194
2.89e-05 0.916677 0.914069
4.913e-05 0.916464 0.913857
8.3521e-05 0.916102 0.913495
0.000141986 0.915485 0.912877
0.000241376 0.914428 0.91182
0.000410339 0.912617 0.910008
0.000697576 0.909491 0.906881
0.00118588 0.904057 0.901444
0.00201599 0.895866 0.893252
0.00342719 0.881012 0.87839
0.00582622 0.855498 0.852859
0.00990458 0.81467 0.811993
0.0168378 0.74696 0.744173
0.0286242 0.642099 0.63907
0.0486612 0.502492 0.499242
0.082724 0.367064 0.363201
0.140631 0.287157 0.281532
0.239072 0.237999 0.2295
0.406423 0.205091 0.188985
0.690919 0.181928 0.153282
1.17456 0.165361 0.121329
1.99676 0.154283 0.0949382
3.39449 0.147006 0.0755228
5.77063 0.142291 0.0628281
9.81007 0.139651 0.054866
16.6771 0.138068 0.0500106
28.3511 0.137096 0.0471123
48.1969 0.136508 0.0454538
81.9347 0.136195 0.0445599
