8.5e-05 0.86084 0.859755
0.0001445 0.860625 0.859539
0.00024565 0.860257 0.859171
0.000417605 0.859629 0.858543
0.000709928 0.858553 0.857466
0.00120688 0.856703 0.855614
0.00205169 0.853495 0.852404
0.00348788 0.847879 0.846784
0.00592939 0.839706 0.838614
0.01008 0.824526 0.823438
0.0171359 0.79971 0.798649
0.0291311 0.757776 0.756781
0.0495229 0.688623 0.687727
0.0841889 0.58176 0.580896
0.143121 0.44511 0.444074
0.243306 0.325783 0.320167
0.41362 0.262019 0.248354
0.703154 0.2172 0.194517
1.19536 0.186936 0.149847
2.03212 0.167222 0.114783
3.4546 0.153439 0.0892793
5.87281 0.143814 0.0725715
9.98378 0.137349 0.0618273
16.9724 0.133427 0.0551685
28.8531 0.131177 0.0511279
49.0503 0.129954 0.0487102
83.3856 0.129277 0.0473065
141.755 0.12892 0.0465333
240.984 0.128763 0.0461646
409.673 0.128747 0.0460609
