# Fix print output for fix def1
0.000999999999999467 0.114436396500583 0.0205086494336125 0.051099534257665
0.00199999999999952 0.157000920729708 0.0521234471992515 -0.0211402902415096
0.00299999999999957 0.218844571127288 0.0202448223242738 -0.0336902163711004
0.00399999999999924 0.275448852449464 0.0229662066231163 0.053629522610346
0.00499999999999929 0.304419217742008 0.00110452353640318 -0.0177034628362637
0.00599999999999934 0.375544517748519 -0.0469779085966697 0.0139417941203044
0.0069999999999994 0.426453560284513 0.0229051463601779 -0.0163587921856937
0.00799999999999945 0.478592253335599 0.0500892068678857 -0.0358183360199452
0.0089999999999995 0.533474670902407 -0.0595629392923545 -0.0240697265849458
0.00999999999999956 0.630780571161703 -0.0146685497719987 0.0476608137338425
0.0109999999999992 0.654064308977841 -0.0206469647307861 0.00799580364109716
0.0119999999999993 0.710328850036415 -0.00217534067465879 0.0254121095360502
0.0129999999999993 0.733890742954122 -0.0283076887878631 -0.00413055539917405
0.0139999999999994 0.801129366082177 0.0197927436300111 -0.025879156967004
0.0149999999999994 0.915148324333099 0.00663681074094644 0.0382457678657138
0.0159999999999995 0.906082835349485 -0.0313272237390022 -0.0575633557171409
0.0169999999999995 1.04623520756912 0.0121096339991641 0.0283819637710584
0.0179999999999994 1.06835875858658 0.00505109827014999 0.0360784772372923
0.0189999999999993 1.14533484156172 -0.00569334144655638 0.0300758247943684
0.0199999999999993 1.21264345851286 -0.0127059045643036 -0.00287766085201238
0.0209999999999994 1.26325798306549 -0.0126690343173305 -0.0333510868769149
0.0219999999999994 1.34707202897658 0.0491105160665443 0.0211297268387946
0.0229999999999995 1.40722298140355 0.0228661363686115 -0.00513438423353208
0.0239999999999995 1.50609869148112 0.0387282167778416 0.0313811642578461
0.0249999999999994 1.50873413361243 -0.0419017642119727 0.0222558871909975
0.0259999999999992 1.60825554178224 0.0324729037193556 -0.0322053692618298
0.0269999999999993 1.65187591322629 -0.0154822263251097 -0.003944819032547
0.0279999999999993 1.72537692759319 -0.0105985426301251 0.0358878839814067
0.0289999999999994 1.74298869138923 -0.0349751338571989 -0.0176008985995762
0.0299999999999995 1.84112174709341 0.0057093181312889 -0.0164098376533298
0.0309999999999995 1.96201224012286 0.0475784161368484 0.0153679504306381
0.0319999999999996 1.99129710183167 0.044859152774036 -0.0264095204415991
0.0329999999999992 2.06932328138566 -0.00239451657397322 0.0176086790842431
0.0339999999999993 2.14688617507736 -0.026276556270552 0.0282056209173951
0.0349999999999993 2.256791750068 0.0421089795150657 0.0456695516728832
0.0359999999999994 2.28902607763854 -0.00230435100425382 0.00154210410957133
0.0369999999999994 2.3660478356875 0.0112578414209333 -0.037719270733027
0.0379999999999995 2.45306785532066 -0.0173891506679249 0.0154010049497126
0.0389999999999995 2.47185024516607 0.00913849216273913 -0.0028101574854743
0.0399999999999992 2.52044765306219 -0.0322874958788396 -0.00720863049106546
0.0409999999999993 2.66612224099782 0.0329360693515317 0.0218501586732213
0.0419999999999993 2.71882274283497 0.00456072785904103 -0.0323222845448769
0.0429999999999994 2.74679475871797 0.000745613003709319 -0.0105842292175163
0.0439999999999994 2.79061319333426 -0.0334216174532002 -0.0265671706593356
0.0449999999999995 2.94900101723541 0.00275971086181345 0.0249526131440894
0.0459999999999995 2.99422574363181 -0.0433927592695913 -0.0252497541818779
0.0469999999999992 3.07073891857141 0.0327033390990188 0.0508003844737697
0.0479999999999992 3.12491168810329 -0.0531109629275874 -0.0257847438548453
0.0489999999999993 3.22533393324327 0.0297892871558608 0.014225598945204
0.0499999999999994 3.25978224826647 -0.0400992965665409 -0.0533096192836972
0.0509999999999994 3.39656271475529 0.0571848988773723 0.024358996570329
0.0519999999999995 3.45980233704515 -0.0411717558621156 0.0118954476550129
0.0529999999999995 3.52739594364475 0.0108845541551264 0.0301138685708008
0.0539999999999994 3.62448955537347 0.0271300880851826 0.00849324778960613
0.0549999999999992 3.67475568739121 -0.0531576087182937 -0.0224265085463121
0.0559999999999993 3.77968223535802 0.0303716814329784 0.0456277977170498
0.0569999999999993 3.82044114849134 -0.0196005969926174 -0.0530409562298097
0.0579999999999994 3.91017996201944 0.0433921050466783 0.0245644365273923
0.0589999999999994 3.9491100211179 -0.0391724979511718 -0.0433205133348512
0.0599999999999995 4.10262222778863 0.0455196626089591 0.0505224039783684
0.0609999999999994 4.08720028493141 -0.091378636105727 -0.0426827627565658
0.0619999999999992 4.22520243640953 0.0514327811394351 0.0688406248078643
0.0629999999999993 4.24668830577768 -0.0472588346006923 -0.0378065332002458
0.0639999999999993 4.36695075283484 0.0547734835781304 0.0228963448588514
0.0649999999999994 4.40359273532966 -0.0761114345693954 -0.0111958463160855
0.0659999999999994 4.53232306000129 0.046537488181038 0.0238366223863764
0.0669999999999995 4.55121196611805 -0.0111195746835018 -0.0696274664307497
0.0679999999999995 4.70170813700403 0.0239922585985709 -0.0279207742445175
0.0689999999999992 4.71698952745503 0.0351703606229328 0.0399900840176664
0.0699999999999993 4.77293120941635 0.00681150706284729 -0.00893331423725964
0.0709999999999993 4.9017646494243 0.049200544069343 0.0369676267242168
0.0719999999999994 4.93367796753023 -0.0504992839608657 -0.0767957008309376
0.0729999999999994 5.07986984435585 0.0731966192077925 0.0848689538143394
0.0739999999999995 5.03066387804592 -0.0921130561413739 -0.0984706688132311
0.0749999999999995 5.20275119367163 0.0358157477870115 0.0726735698071552
0.0759999999999992 5.23891859438647 -0.0455885079879973 -0.0294782646725697
0.0769999999999992 5.4127312115185 0.0471474770538761 0.0633586677240998
0.0779999999999993 5.37677545766778 -0.030088686631141 -0.0585286367903342
0.0789999999999993 5.56583854954241 0.065393860055235 0.0328051631749835
0.0799999999999994 5.57712655090815 -0.00278249011811443 0.0116902526478948
0.0809999999999994 5.67136891218448 -0.00491523222474227 -0.0194081575321669
0.0819999999999995 5.81035817166599 0.063584184137831 0.068147134777321
0.0829999999999994 5.79326005643463 -0.0545057012918593 -0.0403936495626004
0.0839999999999992 5.90507600328707 0.0944210022187932 0.0383204854786077
0.0849999999999993 5.92716278251947 -0.0546222757606049 -0.0790871791520798
0.0859999999999993 6.06437383036092 0.0721921647164599 0.0923258526839151
0.0869999999999994 6.03649336879352 -0.0907151239871504 -0.0518202347698261
0.0879999999999994 6.19793230776267 0.0294854824350868 0.0398787558570872
0.0889999999999995 6.20148540029846 -0.0296801972203784 -0.0990614983630861
0.0899999999999993 6.30961133251795 0.057591417423051 0.0164046368401034
0.0909999999999992 6.37236880123787 -0.00605304589975678 -0.0516702517961022
0.0919999999999993 6.49643981162541 0.048348009075514 -0.00375229528451264
0.0929999999999993 6.5414437551484 0.0763381358650876 -0.0535424522915829
0.0939999999999994 6.54054309017816 0.0478685712397082 0.000803829757930677
0.0949999999999994 6.4838505651036 0.0256656877473367 -0.0861659226285164
0.0959999999999995 6.62142529507417 0.0968341657895462 -0.0580793765923005
0.0969999999999993 6.52642177924391 0.097338277575867 -0.0817358125315961
0.0979999999999992 6.47160444372402 0.151753602298445 -0.129278681539411
0.0989999999999992 6.39612255409831 0.159419518735631 -0.145115713516473
0.0999999999999993 6.25799894572044 0.220153335133717 -0.112937546297194
0.100999999999999 5.98880898615757 0.175768028302385 -0.203219173904353
0.101999999999999 5.80103035365998 0.267800153697369 -0.210148413872409
0.102999999999999 5.50296663778951 0.299054775021051 -0.189292929156785
0.103999999999999 5.14637067151343 0.261385133804477 -0.241580407646869
0.104999999999999 4.80189670320806 0.292854173374886 -0.213105232928282
0.105999999999999 4.32812142095076 0.311252275381413 -0.233195642393795
0.106999999999999 3.83531936272343 0.310705858368976 -0.183668598279459
0.107999999999999 3.32993316204638 0.19804734331541 -0.200495148236587
0.108999999999999 2.97868463049479 0.190740046178095 -0.109672129712809
0.109999999999999 2.61419523484402 0.0763426181902678 -0.0345395216644682
0.110999999999999 2.37301064587692 0.0403439217617656 -0.0333920099947569
0.111999999999999 2.32992579408287 0.0251158846667522 -0.0306265350644137
0.112999999999999 2.20439359621852 0.0817095496847804 0.0146822205320158
0.113999999999999 2.08077296905887 0.039831021842093 -0.0307142594975667
0.114999999999999 2.04753256462514 0.000268901413394465 0.0184746033838719
0.115999999999999 2.03450795519493 -0.0626467449394387 0.0815451584320788
0.116999999999999 2.13025799559682 -0.100386347151986 0.0534280083630482
0.117999999999999 2.37269315774567 0.171974712416457 -0.0579679937005283
0.118999999999999 2.36619354132756 0.110336357851694 -0.114937397405542
0.119999999999999 2.23886981329344 0.0961313899577153 -0.0635556706587027
0.120999999999999 2.08819516023046 -0.0840857229888303 0.044183144512543
0.121999999999999 2.06898020497006 -0.0348281805740299 0.140422568879903
0.122999999999999 2.03338508834931 -0.0814175536763857 0.00958001481692328
0.123999999999999 2.06485092159129 0.0186591668203051 -0.0122728965047611
0.124999999999999 2.06371936625434 -0.0181037193032896 0.00904232301386857
0.125999999999999 2.11055325134831 0.0494033436435654 0.0259022021081086
0.126999999999999 2.0006028460104 -0.0092841114152192 -0.0517026628505289
0.127999999999999 1.77616507477667 0.109142916654809 -0.0256218492795462
0.128999999999999 1.59304740055111 -0.107607964913252 0.0428427023960861
0.129999999999999 1.56192655835609 -0.0530274720621197 0.115925870133416
0.130999999999999 1.4340711312396 0.00643701360378898 0.00676586155635974
0.131999999999999 1.20194322376061 0.0543136080795688 -0.0153988314262119
0.132999999999999 0.907057956396295 -0.0572739441119489 0.00160551234435097
0.133999999999999 0.756081232823887 -0.0710206208612855 0.131496183483168
0.134999999999999 0.398784729851926 -0.0198866422014001 0.00133684738799655
0.135999999999999 0.0821030455208186 0.0892066438753055 -0.125852519740938
0.136999999999999 -0.230987434386764 0.0109958125120139 0.08754389360506
0.137999999999999 -0.484765796282066 -0.160448100046915 0.0470692508206195
0.138999999999999 -0.51542864540639 0.0994328101149563 0.067141846833457
0.139999999999999 -0.564319944213603 0.0432904527446452 -0.154768948677492
0.140999999999999 -0.282961152510789 0.0626918624645192 0.0402848573635013
0.141999999999999 -0.148300961951506 -0.0386700122539674 0.0113685319821095
0.142999999999999 -0.0082308356315796 0.0267416325097403 0.069404937057579
0.143999999999999 -0.224362154736181 -0.0550644431435043 -0.0196868775725552
0.144999999999999 -0.274517588956568 0.110522125886653 -0.0125052392882905
0.145999999999999 -0.42315713300769 -0.00913801029657291 0.0509096785003129
0.146999999999999 -0.446817331503557 -0.0728117201125766 -0.024396009022074
0.147999999999999 -0.169279820679304 0.0827652549092753 0.0116000064826215
0.148999999999999 -0.104431653906476 0.0773531915629863 -0.166908298288667
0.149999999999999 0.160307903800652 0.0035765962153023 0.123887959049541
0.150999999999999 0.0664592543763895 -0.163272095192016 0.147344536808706
0.151999999999999 0.0687385206572931 0.0468057124727169 -0.0480370150469915
0.152999999999999 0.181747916813947 0.226489579752612 -0.0876093096031399
0.153999999999999 0.181069762642382 -0.0423915898676145 0.00512458983179942
0.154999999999999 0.206322998478631 -0.0958091787949639 0.254864078463444
0.155999999999999 0.0729973340092649 0.00280833064858565 -0.0731691558451025
0.156999999999999 0.088861592188783 0.0538236773480567 -0.0364886591239866
0.157999999999999 0.245985814713279 -0.0438211938759405 -0.0510093822277479
0.158999999999999 0.58732693370414 0.0382555307517629 0.0260865353401156
0.159999999999999 0.679969055768314 -0.00311250529925974 -0.0120600082929978
0.160999999999999 0.808232381847337 0.0415412390822881 -0.0347988618187457
0.161999999999999 0.740122158590875 -0.112229660339267 0.0743423481695567
0.162999999999999 0.743685200685751 -0.0379615797561543 -0.0633719249390114
0.163999999999999 0.885382132231538 0.206903071527502 -0.0107153035288184
0.164999999999999 0.707470561306385 -0.119331302248713 -0.0380575657236637
0.165999999999999 0.913797147988037 -0.036360722363607 0.155778469543184
0.166999999999999 0.907621542810755 -0.0477890494593577 -0.0541004731552203
0.167999999999999 1.0224931331614 0.130092950432887 0.0104302277929871
0.168999999999999 1.02479374198934 0.0388086424479515 -0.136400713441011
0.169999999999999 1.1941493518629 0.00282618230219713 0.075636688670296
0.170999999999999 1.09202186760878 -0.164742335079291 0.0855629630334343
0.171999999999999 1.14986766889214 0.074343623888563 0.0410056004876653
0.172999999999999 1.02878290624833 0.0136082034534909 -0.0817504051002129
0.173999999999999 1.06913616928621 0.00472324377430882 0.0306154211396767
0.174999999999999 1.0229760080506 0.00127280469249904 -0.0195925803451897
0.175999999999999 1.13900772776252 0.0887349630326402 -0.00493641616789697
0.176999999999999 1.23703115189531 0.0322601361755866 -0.0314765568233351
0.177999999999999 1.26392877591307 -0.064809890540555 0.0298277569997134
0.178999999999999 1.44894224403078 -0.0140367881022273 0.0549975966387417
0.179999999999999 1.51940205206357 0.0290704777316728 -0.0260147015738846
0.180999999999999 1.68667976147573 0.0656491468561999 -0.017450294460426
0.181999999999999 1.69925490436786 -0.0564463344208195 0.0710677927465355
0.182999999999999 1.73740652025727 -0.0619734680494644 0.0100378090964223
0.183999999999999 1.82770150846852 0.0476124255577468 0.0313801206943129
0.184999999999999 1.71840583512725 0.0157707090592074 -0.0588157986206066
0.185999999999999 1.85299368208258 0.0781875926171633 0.0525589082342802
0.186999999999999 1.79472537996982 -0.0409796535945792 -0.0217445354026147
0.187999999999999 1.97449097475379 0.00944618070768639 0.0329832777162671
0.188999999999999 2.03701906763425 -0.0221511733928074 -0.0161304354618992
0.189999999999999 2.12920477888211 -0.0303372544765388 -0.0076930384655959
0.190999999999999 2.16873506354952 0.0400374340447562 0.024433083115526
0.191999999999999 2.2408699166797 -0.0729470993176812 -0.0584964682607298
0.192999999999999 2.44900078093924 0.102005254575067 0.124865968153255
0.193999999999999 2.34103965368348 -0.0519889103530847 -0.176117738093852
0.194999999999999 2.55508936564328 0.164441291056335 0.143860185057971
0.195999999999999 2.43103159884848 -0.207356781712448 -0.0863095699756235
0.196999999999999 2.62553277251516 0.0530871570503146 0.158513672304903
0.197999999999999 2.55486508340141 -0.080678038287082 -0.0892781560133072
0.198999999999999 2.70146221402667 0.114710906475242 -0.0122949953086188
0.199999999999999 2.69973813196794 -0.0239695479591871 -0.0592948266299858
