                  0        0
                 0.5             0.10458
                   1            0.203463
                 1.5            0.296963
                   2            0.385376
                 2.5            0.468977
                   3            0.548028
                 3.5            0.598243
                   4            0.608397
                 4.5            0.618051
                   5            0.627226
                 5.5            0.635941
                   6            0.644211
                 6.5            0.652055
                   7            0.659488
                 7.5            0.666525
                   8            0.673178
                 8.5            0.679463
                   9            0.685389
                 9.5             0.69097
                  10            0.696215
                10.5            0.701134
                  11            0.705737
                11.5            0.710032
                  12            0.714027
                12.5            0.717728
                  13            0.721142
                13.5            0.724275
                  14            0.727131
                14.5            0.729715
                  15            0.732031
                15.5            0.734081
                  16            0.735868
                16.5            0.737478
                  17            0.738849
                17.5            0.739961
                  18            0.740815
                18.5            0.741411
                  19            0.741749
                19.5            0.741826
                  20             0.74164
                20.5            0.741189
                  21            0.740469
                21.5            0.739474
                  22              0.7382
                22.5             0.73664
                  23            0.734787
                23.5            0.732633
                  24            0.730168
                24.5            0.727382
                  25            0.724265
                25.5            0.720804
                  26            0.716985
                26.5            0.712793
                  27            0.715942
                27.5            0.719131
                  28            0.721965
                28.5            0.724459
                  29            0.726628
                29.5            0.728485
                  30            0.730043
                30.5            0.731312
                  31            0.732303
                31.5            0.733026
                  32            0.733488
                32.5            0.733698
                  33            0.733663
                33.5            0.733387
                  34            0.732878
                34.5            0.732139
                  35            0.731175
                35.5            0.729988
                  36            0.728581
                36.5            0.726955
                  37            0.725112
                37.5            0.723053
                  38            0.720776
                38.5            0.718282
                  39            0.715666
                39.5            0.713589
                  40            0.711294
                40.5            0.708786
                  41            0.706066
                41.5            0.703138
                  42            0.700003
                42.5            0.696661
                  43            0.693114
                43.5            0.689361
                  44            0.685402
                44.5            0.681235
                  45             0.67686
                45.5            0.672274
                  46            0.667476
                46.5            0.662494
                  47            0.657294
                47.5            0.651871
                  48            0.646223
                48.5            0.640344
                  49            0.634231
                49.5            0.627878
                  50            0.621281
                50.5            0.614432
                  51            0.607327
                51.5            0.599959
                  52            0.592319
                52.5            0.584401
                  53            0.576197
                53.5            0.567698
                  54            0.558896
                54.5             0.54978
                  55             0.54034
                55.5            0.530568
                  56             0.52045
                56.5            0.509977
                  57            0.499135
                57.5            0.487912
                  58            0.476294
                58.5            0.464268
                  59            0.451819
                59.5            0.438932
                  60             0.42559
                60.5            0.411776
                  61            0.397473
                61.5            0.382662
                  62            0.367324
                62.5            0.351438
                  63            0.334983
                63.5            0.317937
                  64            0.300275
                64.5            0.281974
                  65            0.263008
                65.5            0.243349
                  66            0.222969
                66.5            0.201839
                  67            0.179927
                67.5            0.157199
                  68            0.133623
                68.5            0.109161
                  69           0.0837751
                69.5           0.0574259
                  70           0.0300712
                70.5           0.0
            