0.01009 0.00586376
0.0417346 0.0288457
0.0719551 0.0625
0.0943473 0.0961543
0.11165 0.119136
0.120821 0.130864
0.135439 0.153846
0.155068 0.1875
0.173018 0.221154
0.184558 0.244136
0.190099 0.255864
0.199908 0.278846
0.212476 0.3125
0.22303 0.346154
0.229148 0.369136
0.2319 0.380864
0.236475 0.403846
0.241404 0.4375
0.24425 0.471154
0.245007 0.494136
0.245007 0.505864
0.24425 0.528846
0.241404 0.5625
0.236475 0.596154
0.2319 0.619136
0.229148 0.630864
0.22303 0.653846
0.212476 0.6875
0.199908 0.721154
0.190099 0.744136
0.184558 0.755864
0.173018 0.778846
0.155068 0.8125
0.135439 0.846154
0.120821 0.869136
0.11165 0.880864
0.0943473 0.903846
0.0719551 0.9375
0.0417346 0.971154
0.01009 0.994136
